%time,field.header.seq,field.header.stamp,field.header.frame_id,field.height,field.width,field.distortion_model,field.D0,field.D1,field.D2,field.D3,field.D4,field.K0,field.K1,field.K2,field.K3,field.K4,field.K5,field.K6,field.K7,field.K8,field.R0,field.R1,field.R2,field.R3,field.R4,field.R5,field.R6,field.R7,field.R8,field.P0,field.P1,field.P2,field.P3,field.P4,field.P5,field.P6,field.P7,field.P8,field.P9,field.P10,field.P11,field.binning_x,field.binning_y,field.roi.x_offset,field.roi.y_offset,field.roi.height,field.roi.width,field.roi.do_rectify
1504235167202704881,10965,1504235167146593740,/zed_current_frame,720,1280,plumb_bob,0.0,0.0,0.0,0.0,0.0,687.82635498,0.0,660.878112793,0.0,687.82635498,362.7449646,0.0,0.0,1.0,0.0,0.0,0.0,0.0,0.0,0.0,0.0,0.0,0.0,687.82635498,0.0,660.878112793,0.0,0.0,687.82635498,362.7449646,0.0,0.0,0.0,1.0,0.0,0,0,0,0,0,0,0
1504235167232767860,10966,1504235167206771729,/zed_current_frame,720,1280,plumb_bob,0.0,0.0,0.0,0.0,0.0,687.82635498,0.0,660.878112793,0.0,687.82635498,362.7449646,0.0,0.0,1.0,0.0,0.0,0.0,0.0,0.0,0.0,0.0,0.0,0.0,687.82635498,0.0,660.878112793,0.0,0.0,687.82635498,362.7449646,0.0,0.0,0.0,1.0,0.0,0,0,0,0,0,0,0
1504235167292504550,10967,1504235167273647435,/zed_current_frame,720,1280,plumb_bob,0.0,0.0,0.0,0.0,0.0,687.82635498,0.0,660.878112793,0.0,687.82635498,362.7449646,0.0,0.0,1.0,0.0,0.0,0.0,0.0,0.0,0.0,0.0,0.0,0.0,687.82635498,0.0,660.878112793,0.0,0.0,687.82635498,362.7449646,0.0,0.0,0.0,1.0,0.0,0,0,0,0,0,0,0
1504235167384146811,10968,1504235167340274704,/zed_current_frame,720,1280,plumb_bob,0.0,0.0,0.0,0.0,0.0,687.82635498,0.0,660.878112793,0.0,687.82635498,362.7449646,0.0,0.0,1.0,0.0,0.0,0.0,0.0,0.0,0.0,0.0,0.0,0.0,687.82635498,0.0,660.878112793,0.0,0.0,687.82635498,362.7449646,0.0,0.0,0.0,1.0,0.0,0,0,0,0,0,0,0
1504235167420050480,10969,1504235167406976869,/zed_current_frame,720,1280,plumb_bob,0.0,0.0,0.0,0.0,0.0,687.82635498,0.0,660.878112793,0.0,687.82635498,362.7449646,0.0,0.0,1.0,0.0,0.0,0.0,0.0,0.0,0.0,0.0,0.0,0.0,687.82635498,0.0,660.878112793,0.0,0.0,687.82635498,362.7449646,0.0,0.0,0.0,1.0,0.0,0,0,0,0,0,0,0
1504235167497703927,10970,1504235167473702679,/zed_current_frame,720,1280,plumb_bob,0.0,0.0,0.0,0.0,0.0,687.82635498,0.0,660.878112793,0.0,687.82635498,362.7449646,0.0,0.0,1.0,0.0,0.0,0.0,0.0,0.0,0.0,0.0,0.0,0.0,687.82635498,0.0,660.878112793,0.0,0.0,687.82635498,362.7449646,0.0,0.0,0.0,1.0,0.0,0,0,0,0,0,0,0
1504235167582903626,10971,1504235167540169585,/zed_current_frame,720,1280,plumb_bob,0.0,0.0,0.0,0.0,0.0,687.82635498,0.0,660.878112793,0.0,687.82635498,362.7449646,0.0,0.0,1.0,0.0,0.0,0.0,0.0,0.0,0.0,0.0,0.0,0.0,687.82635498,0.0,660.878112793,0.0,0.0,687.82635498,362.7449646,0.0,0.0,0.0,1.0,0.0,0,0,0,0,0,0,0
1504235167642721565,10972,1504235167606922114,/zed_current_frame,720,1280,plumb_bob,0.0,0.0,0.0,0.0,0.0,687.82635498,0.0,660.878112793,0.0,687.82635498,362.7449646,0.0,0.0,1.0,0.0,0.0,0.0,0.0,0.0,0.0,0.0,0.0,0.0,687.82635498,0.0,660.878112793,0.0,0.0,687.82635498,362.7449646,0.0,0.0,0.0,1.0,0.0,0,0,0,0,0,0,0
1504235167684296968,10973,1504235167673526154,/zed_current_frame,720,1280,plumb_bob,0.0,0.0,0.0,0.0,0.0,687.82635498,0.0,660.878112793,0.0,687.82635498,362.7449646,0.0,0.0,1.0,0.0,0.0,0.0,0.0,0.0,0.0,0.0,0.0,0.0,687.82635498,0.0,660.878112793,0.0,0.0,687.82635498,362.7449646,0.0,0.0,0.0,1.0,0.0,0,0,0,0,0,0,0
1504235167783051995,10974,1504235167740162590,/zed_current_frame,720,1280,plumb_bob,0.0,0.0,0.0,0.0,0.0,687.82635498,0.0,660.878112793,0.0,687.82635498,362.7449646,0.0,0.0,1.0,0.0,0.0,0.0,0.0,0.0,0.0,0.0,0.0,0.0,687.82635498,0.0,660.878112793,0.0,0.0,687.82635498,362.7449646,0.0,0.0,0.0,1.0,0.0,0,0,0,0,0,0,0
1504235167850959204,10975,1504235167807484125,/zed_current_frame,720,1280,plumb_bob,0.0,0.0,0.0,0.0,0.0,687.82635498,0.0,660.878112793,0.0,687.82635498,362.7449646,0.0,0.0,1.0,0.0,0.0,0.0,0.0,0.0,0.0,0.0,0.0,0.0,687.82635498,0.0,660.878112793,0.0,0.0,687.82635498,362.7449646,0.0,0.0,0.0,1.0,0.0,0,0,0,0,0,0,0
1504235167890424412,10976,1504235167873596190,/zed_current_frame,720,1280,plumb_bob,0.0,0.0,0.0,0.0,0.0,687.82635498,0.0,660.878112793,0.0,687.82635498,362.7449646,0.0,0.0,1.0,0.0,0.0,0.0,0.0,0.0,0.0,0.0,0.0,0.0,687.82635498,0.0,660.878112793,0.0,0.0,687.82635498,362.7449646,0.0,0.0,0.0,1.0,0.0,0,0,0,0,0,0,0
1504235167965351054,10977,1504235167940242313,/zed_current_frame,720,1280,plumb_bob,0.0,0.0,0.0,0.0,0.0,687.82635498,0.0,660.878112793,0.0,687.82635498,362.7449646,0.0,0.0,1.0,0.0,0.0,0.0,0.0,0.0,0.0,0.0,0.0,0.0,687.82635498,0.0,660.878112793,0.0,0.0,687.82635498,362.7449646,0.0,0.0,0.0,1.0,0.0,0,0,0,0,0,0,0
1504235168046209844,10978,1504235168006888853,/zed_current_frame,720,1280,plumb_bob,0.0,0.0,0.0,0.0,0.0,687.82635498,0.0,660.878112793,0.0,687.82635498,362.7449646,0.0,0.0,1.0,0.0,0.0,0.0,0.0,0.0,0.0,0.0,0.0,0.0,687.82635498,0.0,660.878112793,0.0,0.0,687.82635498,362.7449646,0.0,0.0,0.0,1.0,0.0,0,0,0,0,0,0,0
1504235168092130635,10979,1504235168073658101,/zed_current_frame,720,1280,plumb_bob,0.0,0.0,0.0,0.0,0.0,687.82635498,0.0,660.878112793,0.0,687.82635498,362.7449646,0.0,0.0,1.0,0.0,0.0,0.0,0.0,0.0,0.0,0.0,0.0,0.0,687.82635498,0.0,660.878112793,0.0,0.0,687.82635498,362.7449646,0.0,0.0,0.0,1.0,0.0,0,0,0,0,0,0,0
1504235168178798502,10980,1504235168140243547,/zed_current_frame,720,1280,plumb_bob,0.0,0.0,0.0,0.0,0.0,687.82635498,0.0,660.878112793,0.0,687.82635498,362.7449646,0.0,0.0,1.0,0.0,0.0,0.0,0.0,0.0,0.0,0.0,0.0,0.0,687.82635498,0.0,660.878112793,0.0,0.0,687.82635498,362.7449646,0.0,0.0,0.0,1.0,0.0,0,0,0,0,0,0,0
1504235168244177498,10981,1504235168207040868,/zed_current_frame,720,1280,plumb_bob,0.0,0.0,0.0,0.0,0.0,687.82635498,0.0,660.878112793,0.0,687.82635498,362.7449646,0.0,0.0,1.0,0.0,0.0,0.0,0.0,0.0,0.0,0.0,0.0,0.0,687.82635498,0.0,660.878112793,0.0,0.0,687.82635498,362.7449646,0.0,0.0,0.0,1.0,0.0,0,0,0,0,0,0,0
1504235168292081609,10982,1504235168273554909,/zed_current_frame,720,1280,plumb_bob,0.0,0.0,0.0,0.0,0.0,687.82635498,0.0,660.878112793,0.0,687.82635498,362.7449646,0.0,0.0,1.0,0.0,0.0,0.0,0.0,0.0,0.0,0.0,0.0,0.0,687.82635498,0.0,660.878112793,0.0,0.0,687.82635498,362.7449646,0.0,0.0,0.0,1.0,0.0,0,0,0,0,0,0,0
1504235168378996245,10983,1504235168340353687,/zed_current_frame,720,1280,plumb_bob,0.0,0.0,0.0,0.0,0.0,687.82635498,0.0,660.878112793,0.0,687.82635498,362.7449646,0.0,0.0,1.0,0.0,0.0,0.0,0.0,0.0,0.0,0.0,0.0,0.0,687.82635498,0.0,660.878112793,0.0,0.0,687.82635498,362.7449646,0.0,0.0,0.0,1.0,0.0,0,0,0,0,0,0,0
1504235168441519062,10984,1504235168406910905,/zed_current_frame,720,1280,plumb_bob,0.0,0.0,0.0,0.0,0.0,687.82635498,0.0,660.878112793,0.0,687.82635498,362.7449646,0.0,0.0,1.0,0.0,0.0,0.0,0.0,0.0,0.0,0.0,0.0,0.0,687.82635498,0.0,660.878112793,0.0,0.0,687.82635498,362.7449646,0.0,0.0,0.0,1.0,0.0,0,0,0,0,0,0,0
1504235168484218260,10985,1504235168473529997,/zed_current_frame,720,1280,plumb_bob,0.0,0.0,0.0,0.0,0.0,687.82635498,0.0,660.878112793,0.0,687.82635498,362.7449646,0.0,0.0,1.0,0.0,0.0,0.0,0.0,0.0,0.0,0.0,0.0,0.0,687.82635498,0.0,660.878112793,0.0,0.0,687.82635498,362.7449646,0.0,0.0,0.0,1.0,0.0,0,0,0,0,0,0,0
1504235168580382574,10986,1504235168543418182,/zed_current_frame,720,1280,plumb_bob,0.0,0.0,0.0,0.0,0.0,687.82635498,0.0,660.878112793,0.0,687.82635498,362.7449646,0.0,0.0,1.0,0.0,0.0,0.0,0.0,0.0,0.0,0.0,0.0,0.0,687.82635498,0.0,660.878112793,0.0,0.0,687.82635498,362.7449646,0.0,0.0,0.0,1.0,0.0,0,0,0,0,0,0,0
1504235168640364418,10987,1504235168606791202,/zed_current_frame,720,1280,plumb_bob,0.0,0.0,0.0,0.0,0.0,687.82635498,0.0,660.878112793,0.0,687.82635498,362.7449646,0.0,0.0,1.0,0.0,0.0,0.0,0.0,0.0,0.0,0.0,0.0,0.0,687.82635498,0.0,660.878112793,0.0,0.0,687.82635498,362.7449646,0.0,0.0,0.0,1.0,0.0,0,0,0,0,0,0,0
1504235168690881169,10988,1504235168673518627,/zed_current_frame,720,1280,plumb_bob,0.0,0.0,0.0,0.0,0.0,687.82635498,0.0,660.878112793,0.0,687.82635498,362.7449646,0.0,0.0,1.0,0.0,0.0,0.0,0.0,0.0,0.0,0.0,0.0,0.0,687.82635498,0.0,660.878112793,0.0,0.0,687.82635498,362.7449646,0.0,0.0,0.0,1.0,0.0,0,0,0,0,0,0,0
1504235168781574113,10989,1504235168740237354,/zed_current_frame,720,1280,plumb_bob,0.0,0.0,0.0,0.0,0.0,687.82635498,0.0,660.878112793,0.0,687.82635498,362.7449646,0.0,0.0,1.0,0.0,0.0,0.0,0.0,0.0,0.0,0.0,0.0,0.0,687.82635498,0.0,660.878112793,0.0,0.0,687.82635498,362.7449646,0.0,0.0,0.0,1.0,0.0,0,0,0,0,0,0,0
1504235168847073994,10990,1504235168807034049,/zed_current_frame,720,1280,plumb_bob,0.0,0.0,0.0,0.0,0.0,687.82635498,0.0,660.878112793,0.0,687.82635498,362.7449646,0.0,0.0,1.0,0.0,0.0,0.0,0.0,0.0,0.0,0.0,0.0,0.0,687.82635498,0.0,660.878112793,0.0,0.0,687.82635498,362.7449646,0.0,0.0,0.0,1.0,0.0,0,0,0,0,0,0,0
1504235168893806863,10991,1504235168873558819,/zed_current_frame,720,1280,plumb_bob,0.0,0.0,0.0,0.0,0.0,687.82635498,0.0,660.878112793,0.0,687.82635498,362.7449646,0.0,0.0,1.0,0.0,0.0,0.0,0.0,0.0,0.0,0.0,0.0,0.0,687.82635498,0.0,660.878112793,0.0,0.0,687.82635498,362.7449646,0.0,0.0,0.0,1.0,0.0,0,0,0,0,0,0,0
1504235168978953177,10992,1504235168940190515,/zed_current_frame,720,1280,plumb_bob,0.0,0.0,0.0,0.0,0.0,687.82635498,0.0,660.878112793,0.0,687.82635498,362.7449646,0.0,0.0,1.0,0.0,0.0,0.0,0.0,0.0,0.0,0.0,0.0,0.0,687.82635498,0.0,660.878112793,0.0,0.0,687.82635498,362.7449646,0.0,0.0,0.0,1.0,0.0,0,0,0,0,0,0,0
1504235169044441599,10993,1504235169007018200,/zed_current_frame,720,1280,plumb_bob,0.0,0.0,0.0,0.0,0.0,687.82635498,0.0,660.878112793,0.0,687.82635498,362.7449646,0.0,0.0,1.0,0.0,0.0,0.0,0.0,0.0,0.0,0.0,0.0,0.0,687.82635498,0.0,660.878112793,0.0,0.0,687.82635498,362.7449646,0.0,0.0,0.0,1.0,0.0,0,0,0,0,0,0,0
1504235169092762635,10994,1504235169073640001,/zed_current_frame,720,1280,plumb_bob,0.0,0.0,0.0,0.0,0.0,687.82635498,0.0,660.878112793,0.0,687.82635498,362.7449646,0.0,0.0,1.0,0.0,0.0,0.0,0.0,0.0,0.0,0.0,0.0,0.0,687.82635498,0.0,660.878112793,0.0,0.0,687.82635498,362.7449646,0.0,0.0,0.0,1.0,0.0,0,0,0,0,0,0,0
1504235169182210066,10995,1504235169140188468,/zed_current_frame,720,1280,plumb_bob,0.0,0.0,0.0,0.0,0.0,687.82635498,0.0,660.878112793,0.0,687.82635498,362.7449646,0.0,0.0,1.0,0.0,0.0,0.0,0.0,0.0,0.0,0.0,0.0,0.0,687.82635498,0.0,660.878112793,0.0,0.0,687.82635498,362.7449646,0.0,0.0,0.0,1.0,0.0,0,0,0,0,0,0,0
1504235169247599219,10996,1504235169206938393,/zed_current_frame,720,1280,plumb_bob,0.0,0.0,0.0,0.0,0.0,687.82635498,0.0,660.878112793,0.0,687.82635498,362.7449646,0.0,0.0,1.0,0.0,0.0,0.0,0.0,0.0,0.0,0.0,0.0,0.0,687.82635498,0.0,660.878112793,0.0,0.0,687.82635498,362.7449646,0.0,0.0,0.0,1.0,0.0,0,0,0,0,0,0,0
1504235169294289640,10997,1504235169273615818,/zed_current_frame,720,1280,plumb_bob,0.0,0.0,0.0,0.0,0.0,687.82635498,0.0,660.878112793,0.0,687.82635498,362.7449646,0.0,0.0,1.0,0.0,0.0,0.0,0.0,0.0,0.0,0.0,0.0,0.0,687.82635498,0.0,660.878112793,0.0,0.0,687.82635498,362.7449646,0.0,0.0,0.0,1.0,0.0,0,0,0,0,0,0,0
1504235169379821212,10998,1504235169340245847,/zed_current_frame,720,1280,plumb_bob,0.0,0.0,0.0,0.0,0.0,687.82635498,0.0,660.878112793,0.0,687.82635498,362.7449646,0.0,0.0,1.0,0.0,0.0,0.0,0.0,0.0,0.0,0.0,0.0,0.0,687.82635498,0.0,660.878112793,0.0,0.0,687.82635498,362.7449646,0.0,0.0,0.0,1.0,0.0,0,0,0,0,0,0,0
1504235169445090938,10999,1504235169407042438,/zed_current_frame,720,1280,plumb_bob,0.0,0.0,0.0,0.0,0.0,687.82635498,0.0,660.878112793,0.0,687.82635498,362.7449646,0.0,0.0,1.0,0.0,0.0,0.0,0.0,0.0,0.0,0.0,0.0,0.0,687.82635498,0.0,660.878112793,0.0,0.0,687.82635498,362.7449646,0.0,0.0,0.0,1.0,0.0,0,0,0,0,0,0,0
1504235169491129020,11000,1504235169473643666,/zed_current_frame,720,1280,plumb_bob,0.0,0.0,0.0,0.0,0.0,687.82635498,0.0,660.878112793,0.0,687.82635498,362.7449646,0.0,0.0,1.0,0.0,0.0,0.0,0.0,0.0,0.0,0.0,0.0,0.0,687.82635498,0.0,660.878112793,0.0,0.0,687.82635498,362.7449646,0.0,0.0,0.0,1.0,0.0,0,0,0,0,0,0,0
1504235169561809179,11001,1504235169540374476,/zed_current_frame,720,1280,plumb_bob,0.0,0.0,0.0,0.0,0.0,687.82635498,0.0,660.878112793,0.0,687.82635498,362.7449646,0.0,0.0,1.0,0.0,0.0,0.0,0.0,0.0,0.0,0.0,0.0,0.0,687.82635498,0.0,660.878112793,0.0,0.0,687.82635498,362.7449646,0.0,0.0,0.0,1.0,0.0,0,0,0,0,0,0,0
1504235169651097028,11002,1504235169606948673,/zed_current_frame,720,1280,plumb_bob,0.0,0.0,0.0,0.0,0.0,687.82635498,0.0,660.878112793,0.0,687.82635498,362.7449646,0.0,0.0,1.0,0.0,0.0,0.0,0.0,0.0,0.0,0.0,0.0,0.0,687.82635498,0.0,660.878112793,0.0,0.0,687.82635498,362.7449646,0.0,0.0,0.0,1.0,0.0,0,0,0,0,0,0,0
1504235169697008548,11003,1504235169673614796,/zed_current_frame,720,1280,plumb_bob,0.0,0.0,0.0,0.0,0.0,687.82635498,0.0,660.878112793,0.0,687.82635498,362.7449646,0.0,0.0,1.0,0.0,0.0,0.0,0.0,0.0,0.0,0.0,0.0,0.0,687.82635498,0.0,660.878112793,0.0,0.0,687.82635498,362.7449646,0.0,0.0,0.0,1.0,0.0,0,0,0,0,0,0,0
1504235169764934611,11004,1504235169740380346,/zed_current_frame,720,1280,plumb_bob,0.0,0.0,0.0,0.0,0.0,687.82635498,0.0,660.878112793,0.0,687.82635498,362.7449646,0.0,0.0,1.0,0.0,0.0,0.0,0.0,0.0,0.0,0.0,0.0,0.0,687.82635498,0.0,660.878112793,0.0,0.0,687.82635498,362.7449646,0.0,0.0,0.0,1.0,0.0,0,0,0,0,0,0,0
1504235169850525557,11005,1504235169806910688,/zed_current_frame,720,1280,plumb_bob,0.0,0.0,0.0,0.0,0.0,687.82635498,0.0,660.878112793,0.0,687.82635498,362.7449646,0.0,0.0,1.0,0.0,0.0,0.0,0.0,0.0,0.0,0.0,0.0,0.0,687.82635498,0.0,660.878112793,0.0,0.0,687.82635498,362.7449646,0.0,0.0,0.0,1.0,0.0,0,0,0,0,0,0,0
1504235169913066499,11006,1504235169873650613,/zed_current_frame,720,1280,plumb_bob,0.0,0.0,0.0,0.0,0.0,687.82635498,0.0,660.878112793,0.0,687.82635498,362.7449646,0.0,0.0,1.0,0.0,0.0,0.0,0.0,0.0,0.0,0.0,0.0,0.0,687.82635498,0.0,660.878112793,0.0,0.0,687.82635498,362.7449646,0.0,0.0,0.0,1.0,0.0,0,0,0,0,0,0,0
1504235169958391357,11007,1504235169940183195,/zed_current_frame,720,1280,plumb_bob,0.0,0.0,0.0,0.0,0.0,687.82635498,0.0,660.878112793,0.0,687.82635498,362.7449646,0.0,0.0,1.0,0.0,0.0,0.0,0.0,0.0,0.0,0.0,0.0,0.0,687.82635498,0.0,660.878112793,0.0,0.0,687.82635498,362.7449646,0.0,0.0,0.0,1.0,0.0,0,0,0,0,0,0,0
1504235170030520517,11008,1504235170006855464,/zed_current_frame,720,1280,plumb_bob,0.0,0.0,0.0,0.0,0.0,687.82635498,0.0,660.878112793,0.0,687.82635498,362.7449646,0.0,0.0,1.0,0.0,0.0,0.0,0.0,0.0,0.0,0.0,0.0,0.0,687.82635498,0.0,660.878112793,0.0,0.0,687.82635498,362.7449646,0.0,0.0,0.0,1.0,0.0,0,0,0,0,0,0,0
1504235170118251553,11009,1504235170073654711,/zed_current_frame,720,1280,plumb_bob,0.0,0.0,0.0,0.0,0.0,687.82635498,0.0,660.878112793,0.0,687.82635498,362.7449646,0.0,0.0,1.0,0.0,0.0,0.0,0.0,0.0,0.0,0.0,0.0,0.0,687.82635498,0.0,660.878112793,0.0,0.0,687.82635498,362.7449646,0.0,0.0,0.0,1.0,0.0,0,0,0,0,0,0,0
1504235170159482583,11010,1504235170140294741,/zed_current_frame,720,1280,plumb_bob,0.0,0.0,0.0,0.0,0.0,687.82635498,0.0,660.878112793,0.0,687.82635498,362.7449646,0.0,0.0,1.0,0.0,0.0,0.0,0.0,0.0,0.0,0.0,0.0,0.0,687.82635498,0.0,660.878112793,0.0,0.0,687.82635498,362.7449646,0.0,0.0,0.0,1.0,0.0,0,0,0,0,0,0,0
1504235170246334354,11011,1504235170206926385,/zed_current_frame,720,1280,plumb_bob,0.0,0.0,0.0,0.0,0.0,687.82635498,0.0,660.878112793,0.0,687.82635498,362.7449646,0.0,0.0,1.0,0.0,0.0,0.0,0.0,0.0,0.0,0.0,0.0,0.0,687.82635498,0.0,660.878112793,0.0,0.0,687.82635498,362.7449646,0.0,0.0,0.0,1.0,0.0,0,0,0,0,0,0,0
1504235170311771423,11012,1504235170273653185,/zed_current_frame,720,1280,plumb_bob,0.0,0.0,0.0,0.0,0.0,687.82635498,0.0,660.878112793,0.0,687.82635498,362.7449646,0.0,0.0,1.0,0.0,0.0,0.0,0.0,0.0,0.0,0.0,0.0,0.0,687.82635498,0.0,660.878112793,0.0,0.0,687.82635498,362.7449646,0.0,0.0,0.0,1.0,0.0,0,0,0,0,0,0,0
1504235170358225179,11013,1504235170340201704,/zed_current_frame,720,1280,plumb_bob,0.0,0.0,0.0,0.0,0.0,687.82635498,0.0,660.878112793,0.0,687.82635498,362.7449646,0.0,0.0,1.0,0.0,0.0,0.0,0.0,0.0,0.0,0.0,0.0,0.0,687.82635498,0.0,660.878112793,0.0,0.0,687.82635498,362.7449646,0.0,0.0,0.0,1.0,0.0,0,0,0,0,0,0,0
1504235170428960286,11014,1504235170406869911,/zed_current_frame,720,1280,plumb_bob,0.0,0.0,0.0,0.0,0.0,687.82635498,0.0,660.878112793,0.0,687.82635498,362.7449646,0.0,0.0,1.0,0.0,0.0,0.0,0.0,0.0,0.0,0.0,0.0,0.0,687.82635498,0.0,660.878112793,0.0,0.0,687.82635498,362.7449646,0.0,0.0,0.0,1.0,0.0,0,0,0,0,0,0,0
1504235170511110994,11015,1504235170473620773,/zed_current_frame,720,1280,plumb_bob,0.0,0.0,0.0,0.0,0.0,687.82635498,0.0,660.878112793,0.0,687.82635498,362.7449646,0.0,0.0,1.0,0.0,0.0,0.0,0.0,0.0,0.0,0.0,0.0,0.0,687.82635498,0.0,660.878112793,0.0,0.0,687.82635498,362.7449646,0.0,0.0,0.0,1.0,0.0,0,0,0,0,0,0,0
1504235170557523813,11016,1504235170540239917,/zed_current_frame,720,1280,plumb_bob,0.0,0.0,0.0,0.0,0.0,687.82635498,0.0,660.878112793,0.0,687.82635498,362.7449646,0.0,0.0,1.0,0.0,0.0,0.0,0.0,0.0,0.0,0.0,0.0,0.0,687.82635498,0.0,660.878112793,0.0,0.0,687.82635498,362.7449646,0.0,0.0,0.0,1.0,0.0,0,0,0,0,0,0,0
1504235170634335911,11017,1504235170606935102,/zed_current_frame,720,1280,plumb_bob,0.0,0.0,0.0,0.0,0.0,687.82635498,0.0,660.878112793,0.0,687.82635498,362.7449646,0.0,0.0,1.0,0.0,0.0,0.0,0.0,0.0,0.0,0.0,0.0,0.0,687.82635498,0.0,660.878112793,0.0,0.0,687.82635498,362.7449646,0.0,0.0,0.0,1.0,0.0,0,0,0,0,0,0,0
1504235170715198972,11018,1504235170673549923,/zed_current_frame,720,1280,plumb_bob,0.0,0.0,0.0,0.0,0.0,687.82635498,0.0,660.878112793,0.0,687.82635498,362.7449646,0.0,0.0,1.0,0.0,0.0,0.0,0.0,0.0,0.0,0.0,0.0,0.0,687.82635498,0.0,660.878112793,0.0,0.0,687.82635498,362.7449646,0.0,0.0,0.0,1.0,0.0,0,0,0,0,0,0,0
1504235170757779629,11019,1504235170740297504,/zed_current_frame,720,1280,plumb_bob,0.0,0.0,0.0,0.0,0.0,687.82635498,0.0,660.878112793,0.0,687.82635498,362.7449646,0.0,0.0,1.0,0.0,0.0,0.0,0.0,0.0,0.0,0.0,0.0,0.0,687.82635498,0.0,660.878112793,0.0,0.0,687.82635498,362.7449646,0.0,0.0,0.0,1.0,0.0,0,0,0,0,0,0,0
1504235170828632703,11020,1504235170806863420,/zed_current_frame,720,1280,plumb_bob,0.0,0.0,0.0,0.0,0.0,687.82635498,0.0,660.878112793,0.0,687.82635498,362.7449646,0.0,0.0,1.0,0.0,0.0,0.0,0.0,0.0,0.0,0.0,0.0,0.0,687.82635498,0.0,660.878112793,0.0,0.0,687.82635498,362.7449646,0.0,0.0,0.0,1.0,0.0,0,0,0,0,0,0,0
1504235170911624864,11021,1504235170873572511,/zed_current_frame,720,1280,plumb_bob,0.0,0.0,0.0,0.0,0.0,687.82635498,0.0,660.878112793,0.0,687.82635498,362.7449646,0.0,0.0,1.0,0.0,0.0,0.0,0.0,0.0,0.0,0.0,0.0,0.0,687.82635498,0.0,660.878112793,0.0,0.0,687.82635498,362.7449646,0.0,0.0,0.0,1.0,0.0,0,0,0,0,0,0,0
1504235170957724925,11022,1504235170940222176,/zed_current_frame,720,1280,plumb_bob,0.0,0.0,0.0,0.0,0.0,687.82635498,0.0,660.878112793,0.0,687.82635498,362.7449646,0.0,0.0,1.0,0.0,0.0,0.0,0.0,0.0,0.0,0.0,0.0,0.0,687.82635498,0.0,660.878112793,0.0,0.0,687.82635498,362.7449646,0.0,0.0,0.0,1.0,0.0,0,0,0,0,0,0,0
1504235171035261185,11023,1504235171006855226,/zed_current_frame,720,1280,plumb_bob,0.0,0.0,0.0,0.0,0.0,687.82635498,0.0,660.878112793,0.0,687.82635498,362.7449646,0.0,0.0,1.0,0.0,0.0,0.0,0.0,0.0,0.0,0.0,0.0,0.0,687.82635498,0.0,660.878112793,0.0,0.0,687.82635498,362.7449646,0.0,0.0,0.0,1.0,0.0,0,0,0,0,0,0,0
1504235171116589346,11024,1504235171073537234,/zed_current_frame,720,1280,plumb_bob,0.0,0.0,0.0,0.0,0.0,687.82635498,0.0,660.878112793,0.0,687.82635498,362.7449646,0.0,0.0,1.0,0.0,0.0,0.0,0.0,0.0,0.0,0.0,0.0,0.0,687.82635498,0.0,660.878112793,0.0,0.0,687.82635498,362.7449646,0.0,0.0,0.0,1.0,0.0,0,0,0,0,0,0,0
1504235171161565769,11025,1504235171140246117,/zed_current_frame,720,1280,plumb_bob,0.0,0.0,0.0,0.0,0.0,687.82635498,0.0,660.878112793,0.0,687.82635498,362.7449646,0.0,0.0,1.0,0.0,0.0,0.0,0.0,0.0,0.0,0.0,0.0,0.0,687.82635498,0.0,660.878112793,0.0,0.0,687.82635498,362.7449646,0.0,0.0,0.0,1.0,0.0,0,0,0,0,0,0,0
1504235171246122086,11026,1504235171206987552,/zed_current_frame,720,1280,plumb_bob,0.0,0.0,0.0,0.0,0.0,687.82635498,0.0,660.878112793,0.0,687.82635498,362.7449646,0.0,0.0,1.0,0.0,0.0,0.0,0.0,0.0,0.0,0.0,0.0,0.0,687.82635498,0.0,660.878112793,0.0,0.0,687.82635498,362.7449646,0.0,0.0,0.0,1.0,0.0,0,0,0,0,0,0,0
1504235171314074971,11027,1504235171273607374,/zed_current_frame,720,1280,plumb_bob,0.0,0.0,0.0,0.0,0.0,687.82635498,0.0,660.878112793,0.0,687.82635498,362.7449646,0.0,0.0,1.0,0.0,0.0,0.0,0.0,0.0,0.0,0.0,0.0,0.0,687.82635498,0.0,660.878112793,0.0,0.0,687.82635498,362.7449646,0.0,0.0,0.0,1.0,0.0,0,0,0,0,0,0,0
1504235171359052748,11028,1504235171340199122,/zed_current_frame,720,1280,plumb_bob,0.0,0.0,0.0,0.0,0.0,687.82635498,0.0,660.878112793,0.0,687.82635498,362.7449646,0.0,0.0,1.0,0.0,0.0,0.0,0.0,0.0,0.0,0.0,0.0,0.0,687.82635498,0.0,660.878112793,0.0,0.0,687.82635498,362.7449646,0.0,0.0,0.0,1.0,0.0,0,0,0,0,0,0,0
1504235171449023457,11029,1504235171406921338,/zed_current_frame,720,1280,plumb_bob,0.0,0.0,0.0,0.0,0.0,687.82635498,0.0,660.878112793,0.0,687.82635498,362.7449646,0.0,0.0,1.0,0.0,0.0,0.0,0.0,0.0,0.0,0.0,0.0,0.0,687.82635498,0.0,660.878112793,0.0,0.0,687.82635498,362.7449646,0.0,0.0,0.0,1.0,0.0,0,0,0,0,0,0,0
1504235171511670023,11030,1504235171473538712,/zed_current_frame,720,1280,plumb_bob,0.0,0.0,0.0,0.0,0.0,687.82635498,0.0,660.878112793,0.0,687.82635498,362.7449646,0.0,0.0,1.0,0.0,0.0,0.0,0.0,0.0,0.0,0.0,0.0,0.0,687.82635498,0.0,660.878112793,0.0,0.0,687.82635498,362.7449646,0.0,0.0,0.0,1.0,0.0,0,0,0,0,0,0,0
1504235171558772108,11031,1504235171540216918,/zed_current_frame,720,1280,plumb_bob,0.0,0.0,0.0,0.0,0.0,687.82635498,0.0,660.878112793,0.0,687.82635498,362.7449646,0.0,0.0,1.0,0.0,0.0,0.0,0.0,0.0,0.0,0.0,0.0,0.0,687.82635498,0.0,660.878112793,0.0,0.0,687.82635498,362.7449646,0.0,0.0,0.0,1.0,0.0,0,0,0,0,0,0,0
1504235171628295243,11032,1504235171606969030,/zed_current_frame,720,1280,plumb_bob,0.0,0.0,0.0,0.0,0.0,687.82635498,0.0,660.878112793,0.0,687.82635498,362.7449646,0.0,0.0,1.0,0.0,0.0,0.0,0.0,0.0,0.0,0.0,0.0,0.0,687.82635498,0.0,660.878112793,0.0,0.0,687.82635498,362.7449646,0.0,0.0,0.0,1.0,0.0,0,0,0,0,0,0,0
1504235171716231695,11033,1504235171673572705,/zed_current_frame,720,1280,plumb_bob,0.0,0.0,0.0,0.0,0.0,687.82635498,0.0,660.878112793,0.0,687.82635498,362.7449646,0.0,0.0,1.0,0.0,0.0,0.0,0.0,0.0,0.0,0.0,0.0,0.0,687.82635498,0.0,660.878112793,0.0,0.0,687.82635498,362.7449646,0.0,0.0,0.0,1.0,0.0,0,0,0,0,0,0,0
1504235171759475056,11034,1504235171740197578,/zed_current_frame,720,1280,plumb_bob,0.0,0.0,0.0,0.0,0.0,687.82635498,0.0,660.878112793,0.0,687.82635498,362.7449646,0.0,0.0,1.0,0.0,0.0,0.0,0.0,0.0,0.0,0.0,0.0,0.0,687.82635498,0.0,660.878112793,0.0,0.0,687.82635498,362.7449646,0.0,0.0,0.0,1.0,0.0,0,0,0,0,0,0,0
1504235171851586427,11035,1504235171806834014,/zed_current_frame,720,1280,plumb_bob,0.0,0.0,0.0,0.0,0.0,687.82635498,0.0,660.878112793,0.0,687.82635498,362.7449646,0.0,0.0,1.0,0.0,0.0,0.0,0.0,0.0,0.0,0.0,0.0,0.0,687.82635498,0.0,660.878112793,0.0,0.0,687.82635498,362.7449646,0.0,0.0,0.0,1.0,0.0,0,0,0,0,0,0,0
1504235171912564046,11036,1504235171873584251,/zed_current_frame,720,1280,plumb_bob,0.0,0.0,0.0,0.0,0.0,687.82635498,0.0,660.878112793,0.0,687.82635498,362.7449646,0.0,0.0,1.0,0.0,0.0,0.0,0.0,0.0,0.0,0.0,0.0,0.0,687.82635498,0.0,660.878112793,0.0,0.0,687.82635498,362.7449646,0.0,0.0,0.0,1.0,0.0,0,0,0,0,0,0,0
1504235171957914424,11037,1504235171940315582,/zed_current_frame,720,1280,plumb_bob,0.0,0.0,0.0,0.0,0.0,687.82635498,0.0,660.878112793,0.0,687.82635498,362.7449646,0.0,0.0,1.0,0.0,0.0,0.0,0.0,0.0,0.0,0.0,0.0,0.0,687.82635498,0.0,660.878112793,0.0,0.0,687.82635498,362.7449646,0.0,0.0,0.0,1.0,0.0,0,0,0,0,0,0,0
1504235172031970342,11038,1504235172006874987,/zed_current_frame,720,1280,plumb_bob,0.0,0.0,0.0,0.0,0.0,687.82635498,0.0,660.878112793,0.0,687.82635498,362.7449646,0.0,0.0,1.0,0.0,0.0,0.0,0.0,0.0,0.0,0.0,0.0,0.0,687.82635498,0.0,660.878112793,0.0,0.0,687.82635498,362.7449646,0.0,0.0,0.0,1.0,0.0,0,0,0,0,0,0,0
1504235172116815668,11039,1504235172073628922,/zed_current_frame,720,1280,plumb_bob,0.0,0.0,0.0,0.0,0.0,687.82635498,0.0,660.878112793,0.0,687.82635498,362.7449646,0.0,0.0,1.0,0.0,0.0,0.0,0.0,0.0,0.0,0.0,0.0,0.0,687.82635498,0.0,660.878112793,0.0,0.0,687.82635498,362.7449646,0.0,0.0,0.0,1.0,0.0,0,0,0,0,0,0,0
1504235172177847870,11040,1504235172140203326,/zed_current_frame,720,1280,plumb_bob,0.0,0.0,0.0,0.0,0.0,687.82635498,0.0,660.878112793,0.0,687.82635498,362.7449646,0.0,0.0,1.0,0.0,0.0,0.0,0.0,0.0,0.0,0.0,0.0,0.0,687.82635498,0.0,660.878112793,0.0,0.0,687.82635498,362.7449646,0.0,0.0,0.0,1.0,0.0,0,0,0,0,0,0,0
1504235172224529541,11041,1504235172206934813,/zed_current_frame,720,1280,plumb_bob,0.0,0.0,0.0,0.0,0.0,687.82635498,0.0,660.878112793,0.0,687.82635498,362.7449646,0.0,0.0,1.0,0.0,0.0,0.0,0.0,0.0,0.0,0.0,0.0,0.0,687.82635498,0.0,660.878112793,0.0,0.0,687.82635498,362.7449646,0.0,0.0,0.0,1.0,0.0,0,0,0,0,0,0,0
1504235172296551305,11042,1504235172273701664,/zed_current_frame,720,1280,plumb_bob,0.0,0.0,0.0,0.0,0.0,687.82635498,0.0,660.878112793,0.0,687.82635498,362.7449646,0.0,0.0,1.0,0.0,0.0,0.0,0.0,0.0,0.0,0.0,0.0,0.0,687.82635498,0.0,660.878112793,0.0,0.0,687.82635498,362.7449646,0.0,0.0,0.0,1.0,0.0,0,0,0,0,0,0,0
1504235172384034843,11043,1504235172340242215,/zed_current_frame,720,1280,plumb_bob,0.0,0.0,0.0,0.0,0.0,687.82635498,0.0,660.878112793,0.0,687.82635498,362.7449646,0.0,0.0,1.0,0.0,0.0,0.0,0.0,0.0,0.0,0.0,0.0,0.0,687.82635498,0.0,660.878112793,0.0,0.0,687.82635498,362.7449646,0.0,0.0,0.0,1.0,0.0,0,0,0,0,0,0,0
1504235172443329035,11044,1504235172406867817,/zed_current_frame,720,1280,plumb_bob,0.0,0.0,0.0,0.0,0.0,687.82635498,0.0,660.878112793,0.0,687.82635498,362.7449646,0.0,0.0,1.0,0.0,0.0,0.0,0.0,0.0,0.0,0.0,0.0,0.0,687.82635498,0.0,660.878112793,0.0,0.0,687.82635498,362.7449646,0.0,0.0,0.0,1.0,0.0,0,0,0,0,0,0,0
1504235172486828175,11045,1504235172473603679,/zed_current_frame,720,1280,plumb_bob,0.0,0.0,0.0,0.0,0.0,687.82635498,0.0,660.878112793,0.0,687.82635498,362.7449646,0.0,0.0,1.0,0.0,0.0,0.0,0.0,0.0,0.0,0.0,0.0,0.0,687.82635498,0.0,660.878112793,0.0,0.0,687.82635498,362.7449646,0.0,0.0,0.0,1.0,0.0,0,0,0,0,0,0,0
1504235172566533691,11046,1504235172540310948,/zed_current_frame,720,1280,plumb_bob,0.0,0.0,0.0,0.0,0.0,687.82635498,0.0,660.878112793,0.0,687.82635498,362.7449646,0.0,0.0,1.0,0.0,0.0,0.0,0.0,0.0,0.0,0.0,0.0,0.0,687.82635498,0.0,660.878112793,0.0,0.0,687.82635498,362.7449646,0.0,0.0,0.0,1.0,0.0,0,0,0,0,0,0,0
1504235172649381270,11047,1504235172606957071,/zed_current_frame,720,1280,plumb_bob,0.0,0.0,0.0,0.0,0.0,687.82635498,0.0,660.878112793,0.0,687.82635498,362.7449646,0.0,0.0,1.0,0.0,0.0,0.0,0.0,0.0,0.0,0.0,0.0,0.0,687.82635498,0.0,660.878112793,0.0,0.0,687.82635498,362.7449646,0.0,0.0,0.0,1.0,0.0,0,0,0,0,0,0,0
1504235172692759942,11048,1504235172673537673,/zed_current_frame,720,1280,plumb_bob,0.0,0.0,0.0,0.0,0.0,687.82635498,0.0,660.878112793,0.0,687.82635498,362.7449646,0.0,0.0,1.0,0.0,0.0,0.0,0.0,0.0,0.0,0.0,0.0,0.0,687.82635498,0.0,660.878112793,0.0,0.0,687.82635498,362.7449646,0.0,0.0,0.0,1.0,0.0,0,0,0,0,0,0,0
1504235172768084549,11049,1504235172740195983,/zed_current_frame,720,1280,plumb_bob,0.0,0.0,0.0,0.0,0.0,687.82635498,0.0,660.878112793,0.0,687.82635498,362.7449646,0.0,0.0,1.0,0.0,0.0,0.0,0.0,0.0,0.0,0.0,0.0,0.0,687.82635498,0.0,660.878112793,0.0,0.0,687.82635498,362.7449646,0.0,0.0,0.0,1.0,0.0,0,0,0,0,0,0,0
1504235172849869895,11050,1504235172806854606,/zed_current_frame,720,1280,plumb_bob,0.0,0.0,0.0,0.0,0.0,687.82635498,0.0,660.878112793,0.0,687.82635498,362.7449646,0.0,0.0,1.0,0.0,0.0,0.0,0.0,0.0,0.0,0.0,0.0,0.0,687.82635498,0.0,660.878112793,0.0,0.0,687.82635498,362.7449646,0.0,0.0,0.0,1.0,0.0,0,0,0,0,0,0,0
1504235172911520218,11051,1504235172873539219,/zed_current_frame,720,1280,plumb_bob,0.0,0.0,0.0,0.0,0.0,687.82635498,0.0,660.878112793,0.0,687.82635498,362.7449646,0.0,0.0,1.0,0.0,0.0,0.0,0.0,0.0,0.0,0.0,0.0,0.0,687.82635498,0.0,660.878112793,0.0,0.0,687.82635498,362.7449646,0.0,0.0,0.0,1.0,0.0,0,0,0,0,0,0,0
1504235172958389388,11052,1504235172940285862,/zed_current_frame,720,1280,plumb_bob,0.0,0.0,0.0,0.0,0.0,687.82635498,0.0,660.878112793,0.0,687.82635498,362.7449646,0.0,0.0,1.0,0.0,0.0,0.0,0.0,0.0,0.0,0.0,0.0,0.0,687.82635498,0.0,660.878112793,0.0,0.0,687.82635498,362.7449646,0.0,0.0,0.0,1.0,0.0,0,0,0,0,0,0,0
1504235173023921300,11053,1504235173006835371,/zed_current_frame,720,1280,plumb_bob,0.0,0.0,0.0,0.0,0.0,687.82635498,0.0,660.878112793,0.0,687.82635498,362.7449646,0.0,0.0,1.0,0.0,0.0,0.0,0.0,0.0,0.0,0.0,0.0,0.0,687.82635498,0.0,660.878112793,0.0,0.0,687.82635498,362.7449646,0.0,0.0,0.0,1.0,0.0,0,0,0,0,0,0,0
1504235173124805061,11054,1504235173073572274,/zed_current_frame,720,1280,plumb_bob,0.0,0.0,0.0,0.0,0.0,687.82635498,0.0,660.878112793,0.0,687.82635498,362.7449646,0.0,0.0,1.0,0.0,0.0,0.0,0.0,0.0,0.0,0.0,0.0,0.0,687.82635498,0.0,660.878112793,0.0,0.0,687.82635498,362.7449646,0.0,0.0,0.0,1.0,0.0,0,0,0,0,0,0,0
1504235173177419037,11055,1504235173140186366,/zed_current_frame,720,1280,plumb_bob,0.0,0.0,0.0,0.0,0.0,687.82635498,0.0,660.878112793,0.0,687.82635498,362.7449646,0.0,0.0,1.0,0.0,0.0,0.0,0.0,0.0,0.0,0.0,0.0,0.0,687.82635498,0.0,660.878112793,0.0,0.0,687.82635498,362.7449646,0.0,0.0,0.0,1.0,0.0,0,0,0,0,0,0,0
1504235173220410524,11056,1504235173206948061,/zed_current_frame,720,1280,plumb_bob,0.0,0.0,0.0,0.0,0.0,687.82635498,0.0,660.878112793,0.0,687.82635498,362.7449646,0.0,0.0,1.0,0.0,0.0,0.0,0.0,0.0,0.0,0.0,0.0,0.0,687.82635498,0.0,660.878112793,0.0,0.0,687.82635498,362.7449646,0.0,0.0,0.0,1.0,0.0,0,0,0,0,0,0,0
1504235173315960467,11057,1504235173273567413,/zed_current_frame,720,1280,plumb_bob,0.0,0.0,0.0,0.0,0.0,687.82635498,0.0,660.878112793,0.0,687.82635498,362.7449646,0.0,0.0,1.0,0.0,0.0,0.0,0.0,0.0,0.0,0.0,0.0,0.0,687.82635498,0.0,660.878112793,0.0,0.0,687.82635498,362.7449646,0.0,0.0,0.0,1.0,0.0,0,0,0,0,0,0,0
1504235173382079041,11058,1504235173342069149,/zed_current_frame,720,1280,plumb_bob,0.0,0.0,0.0,0.0,0.0,687.82635498,0.0,660.878112793,0.0,687.82635498,362.7449646,0.0,0.0,1.0,0.0,0.0,0.0,0.0,0.0,0.0,0.0,0.0,0.0,687.82635498,0.0,660.878112793,0.0,0.0,687.82635498,362.7449646,0.0,0.0,0.0,1.0,0.0,0,0,0,0,0,0,0
1504235173447762618,11059,1504235173406865909,/zed_current_frame,720,1280,plumb_bob,0.0,0.0,0.0,0.0,0.0,687.82635498,0.0,660.878112793,0.0,687.82635498,362.7449646,0.0,0.0,1.0,0.0,0.0,0.0,0.0,0.0,0.0,0.0,0.0,0.0,687.82635498,0.0,660.878112793,0.0,0.0,687.82635498,362.7449646,0.0,0.0,0.0,1.0,0.0,0,0,0,0,0,0,0
1504235173490433066,11060,1504235173473684791,/zed_current_frame,720,1280,plumb_bob,0.0,0.0,0.0,0.0,0.0,687.82635498,0.0,660.878112793,0.0,687.82635498,362.7449646,0.0,0.0,1.0,0.0,0.0,0.0,0.0,0.0,0.0,0.0,0.0,0.0,687.82635498,0.0,660.878112793,0.0,0.0,687.82635498,362.7449646,0.0,0.0,0.0,1.0,0.0,0,0,0,0,0,0,0
1504235173582221002,11061,1504235173540293622,/zed_current_frame,720,1280,plumb_bob,0.0,0.0,0.0,0.0,0.0,687.82635498,0.0,660.878112793,0.0,687.82635498,362.7449646,0.0,0.0,1.0,0.0,0.0,0.0,0.0,0.0,0.0,0.0,0.0,0.0,687.82635498,0.0,660.878112793,0.0,0.0,687.82635498,362.7449646,0.0,0.0,0.0,1.0,0.0,0,0,0,0,0,0,0
1504235173649497902,11062,1504235173607445002,/zed_current_frame,720,1280,plumb_bob,0.0,0.0,0.0,0.0,0.0,687.82635498,0.0,660.878112793,0.0,687.82635498,362.7449646,0.0,0.0,1.0,0.0,0.0,0.0,0.0,0.0,0.0,0.0,0.0,0.0,687.82635498,0.0,660.878112793,0.0,0.0,687.82635498,362.7449646,0.0,0.0,0.0,1.0,0.0,0,0,0,0,0,0,0
1504235173711249942,11063,1504235173673519931,/zed_current_frame,720,1280,plumb_bob,0.0,0.0,0.0,0.0,0.0,687.82635498,0.0,660.878112793,0.0,687.82635498,362.7449646,0.0,0.0,1.0,0.0,0.0,0.0,0.0,0.0,0.0,0.0,0.0,0.0,687.82635498,0.0,660.878112793,0.0,0.0,687.82635498,362.7449646,0.0,0.0,0.0,1.0,0.0,0,0,0,0,0,0,0
1504235173758600932,11064,1504235173740294334,/zed_current_frame,720,1280,plumb_bob,0.0,0.0,0.0,0.0,0.0,687.82635498,0.0,660.878112793,0.0,687.82635498,362.7449646,0.0,0.0,1.0,0.0,0.0,0.0,0.0,0.0,0.0,0.0,0.0,0.0,687.82635498,0.0,660.878112793,0.0,0.0,687.82635498,362.7449646,0.0,0.0,0.0,1.0,0.0,0,0,0,0,0,0,0
1504235173844312971,11065,1504235173806869624,/zed_current_frame,720,1280,plumb_bob,0.0,0.0,0.0,0.0,0.0,687.82635498,0.0,660.878112793,0.0,687.82635498,362.7449646,0.0,0.0,1.0,0.0,0.0,0.0,0.0,0.0,0.0,0.0,0.0,0.0,687.82635498,0.0,660.878112793,0.0,0.0,687.82635498,362.7449646,0.0,0.0,0.0,1.0,0.0,0,0,0,0,0,0,0
1504235173913447671,11066,1504235173873575747,/zed_current_frame,720,1280,plumb_bob,0.0,0.0,0.0,0.0,0.0,687.82635498,0.0,660.878112793,0.0,687.82635498,362.7449646,0.0,0.0,1.0,0.0,0.0,0.0,0.0,0.0,0.0,0.0,0.0,0.0,687.82635498,0.0,660.878112793,0.0,0.0,687.82635498,362.7449646,0.0,0.0,0.0,1.0,0.0,0,0,0,0,0,0,0
1504235173978641981,11067,1504235173940254630,/zed_current_frame,720,1280,plumb_bob,0.0,0.0,0.0,0.0,0.0,687.82635498,0.0,660.878112793,0.0,687.82635498,362.7449646,0.0,0.0,1.0,0.0,0.0,0.0,0.0,0.0,0.0,0.0,0.0,0.0,687.82635498,0.0,660.878112793,0.0,0.0,687.82635498,362.7449646,0.0,0.0,0.0,1.0,0.0,0,0,0,0,0,0,0
1504235174030080027,11068,1504235174006967002,/zed_current_frame,720,1280,plumb_bob,0.0,0.0,0.0,0.0,0.0,687.82635498,0.0,660.878112793,0.0,687.82635498,362.7449646,0.0,0.0,1.0,0.0,0.0,0.0,0.0,0.0,0.0,0.0,0.0,0.0,687.82635498,0.0,660.878112793,0.0,0.0,687.82635498,362.7449646,0.0,0.0,0.0,1.0,0.0,0,0,0,0,0,0,0
1504235174117452054,11069,1504235174073569740,/zed_current_frame,720,1280,plumb_bob,0.0,0.0,0.0,0.0,0.0,687.82635498,0.0,660.878112793,0.0,687.82635498,362.7449646,0.0,0.0,1.0,0.0,0.0,0.0,0.0,0.0,0.0,0.0,0.0,0.0,687.82635498,0.0,660.878112793,0.0,0.0,687.82635498,362.7449646,0.0,0.0,0.0,1.0,0.0,0,0,0,0,0,0,0
1504235174181784130,11070,1504235174141297887,/zed_current_frame,720,1280,plumb_bob,0.0,0.0,0.0,0.0,0.0,687.82635498,0.0,660.878112793,0.0,687.82635498,362.7449646,0.0,0.0,1.0,0.0,0.0,0.0,0.0,0.0,0.0,0.0,0.0,0.0,687.82635498,0.0,660.878112793,0.0,0.0,687.82635498,362.7449646,0.0,0.0,0.0,1.0,0.0,0,0,0,0,0,0,0
1504235174231881456,11071,1504235174206913495,/zed_current_frame,720,1280,plumb_bob,0.0,0.0,0.0,0.0,0.0,687.82635498,0.0,660.878112793,0.0,687.82635498,362.7449646,0.0,0.0,1.0,0.0,0.0,0.0,0.0,0.0,0.0,0.0,0.0,0.0,687.82635498,0.0,660.878112793,0.0,0.0,687.82635498,362.7449646,0.0,0.0,0.0,1.0,0.0,0,0,0,0,0,0,0
1504235174294669271,11072,1504235174273518004,/zed_current_frame,720,1280,plumb_bob,0.0,0.0,0.0,0.0,0.0,687.82635498,0.0,660.878112793,0.0,687.82635498,362.7449646,0.0,0.0,1.0,0.0,0.0,0.0,0.0,0.0,0.0,0.0,0.0,0.0,687.82635498,0.0,660.878112793,0.0,0.0,687.82635498,362.7449646,0.0,0.0,0.0,1.0,0.0,0,0,0,0,0,0,0
1504235174366522755,11073,1504235174341812814,/zed_current_frame,720,1280,plumb_bob,0.0,0.0,0.0,0.0,0.0,687.82635498,0.0,660.878112793,0.0,687.82635498,362.7449646,0.0,0.0,1.0,0.0,0.0,0.0,0.0,0.0,0.0,0.0,0.0,0.0,687.82635498,0.0,660.878112793,0.0,0.0,687.82635498,362.7449646,0.0,0.0,0.0,1.0,0.0,0,0,0,0,0,0,0
1504235174451842609,11074,1504235174406972175,/zed_current_frame,720,1280,plumb_bob,0.0,0.0,0.0,0.0,0.0,687.82635498,0.0,660.878112793,0.0,687.82635498,362.7449646,0.0,0.0,1.0,0.0,0.0,0.0,0.0,0.0,0.0,0.0,0.0,0.0,687.82635498,0.0,660.878112793,0.0,0.0,687.82635498,362.7449646,0.0,0.0,0.0,1.0,0.0,0,0,0,0,0,0,0
1504235174498486572,11075,1504235174474484230,/zed_current_frame,720,1280,plumb_bob,0.0,0.0,0.0,0.0,0.0,687.82635498,0.0,660.878112793,0.0,687.82635498,362.7449646,0.0,0.0,1.0,0.0,0.0,0.0,0.0,0.0,0.0,0.0,0.0,0.0,687.82635498,0.0,660.878112793,0.0,0.0,687.82635498,362.7449646,0.0,0.0,0.0,1.0,0.0,0,0,0,0,0,0,0
1504235174588072126,11076,1504235174540291869,/zed_current_frame,720,1280,plumb_bob,0.0,0.0,0.0,0.0,0.0,687.82635498,0.0,660.878112793,0.0,687.82635498,362.7449646,0.0,0.0,1.0,0.0,0.0,0.0,0.0,0.0,0.0,0.0,0.0,0.0,687.82635498,0.0,660.878112793,0.0,0.0,687.82635498,362.7449646,0.0,0.0,0.0,1.0,0.0,0,0,0,0,0,0,0
1504235174647527984,11077,1504235174607673091,/zed_current_frame,720,1280,plumb_bob,0.0,0.0,0.0,0.0,0.0,687.82635498,0.0,660.878112793,0.0,687.82635498,362.7449646,0.0,0.0,1.0,0.0,0.0,0.0,0.0,0.0,0.0,0.0,0.0,0.0,687.82635498,0.0,660.878112793,0.0,0.0,687.82635498,362.7449646,0.0,0.0,0.0,1.0,0.0,0,0,0,0,0,0,0
1504235174692011909,11078,1504235174673563958,/zed_current_frame,720,1280,plumb_bob,0.0,0.0,0.0,0.0,0.0,687.82635498,0.0,660.878112793,0.0,687.82635498,362.7449646,0.0,0.0,1.0,0.0,0.0,0.0,0.0,0.0,0.0,0.0,0.0,0.0,687.82635498,0.0,660.878112793,0.0,0.0,687.82635498,362.7449646,0.0,0.0,0.0,1.0,0.0,0,0,0,0,0,0,0
1504235174762323997,11079,1504235174740242476,/zed_current_frame,720,1280,plumb_bob,0.0,0.0,0.0,0.0,0.0,687.82635498,0.0,660.878112793,0.0,687.82635498,362.7449646,0.0,0.0,1.0,0.0,0.0,0.0,0.0,0.0,0.0,0.0,0.0,0.0,687.82635498,0.0,660.878112793,0.0,0.0,687.82635498,362.7449646,0.0,0.0,0.0,1.0,0.0,0,0,0,0,0,0,0
1504235174852298560,11080,1504235174806973859,/zed_current_frame,720,1280,plumb_bob,0.0,0.0,0.0,0.0,0.0,687.82635498,0.0,660.878112793,0.0,687.82635498,362.7449646,0.0,0.0,1.0,0.0,0.0,0.0,0.0,0.0,0.0,0.0,0.0,0.0,687.82635498,0.0,660.878112793,0.0,0.0,687.82635498,362.7449646,0.0,0.0,0.0,1.0,0.0,0,0,0,0,0,0,0
1504235174912824515,11081,1504235174873529618,/zed_current_frame,720,1280,plumb_bob,0.0,0.0,0.0,0.0,0.0,687.82635498,0.0,660.878112793,0.0,687.82635498,362.7449646,0.0,0.0,1.0,0.0,0.0,0.0,0.0,0.0,0.0,0.0,0.0,0.0,687.82635498,0.0,660.878112793,0.0,0.0,687.82635498,362.7449646,0.0,0.0,0.0,1.0,0.0,0,0,0,0,0,0,0
1504235174959448426,11082,1504235174940205063,/zed_current_frame,720,1280,plumb_bob,0.0,0.0,0.0,0.0,0.0,687.82635498,0.0,660.878112793,0.0,687.82635498,362.7449646,0.0,0.0,1.0,0.0,0.0,0.0,0.0,0.0,0.0,0.0,0.0,0.0,687.82635498,0.0,660.878112793,0.0,0.0,687.82635498,362.7449646,0.0,0.0,0.0,1.0,0.0,0,0,0,0,0,0,0
1504235175024317165,11083,1504235175006949831,/zed_current_frame,720,1280,plumb_bob,0.0,0.0,0.0,0.0,0.0,687.82635498,0.0,660.878112793,0.0,687.82635498,362.7449646,0.0,0.0,1.0,0.0,0.0,0.0,0.0,0.0,0.0,0.0,0.0,0.0,687.82635498,0.0,660.878112793,0.0,0.0,687.82635498,362.7449646,0.0,0.0,0.0,1.0,0.0,0,0,0,0,0,0,0
1504235175123512395,11084,1504235175073599027,/zed_current_frame,720,1280,plumb_bob,0.0,0.0,0.0,0.0,0.0,687.82635498,0.0,660.878112793,0.0,687.82635498,362.7449646,0.0,0.0,1.0,0.0,0.0,0.0,0.0,0.0,0.0,0.0,0.0,0.0,687.82635498,0.0,660.878112793,0.0,0.0,687.82635498,362.7449646,0.0,0.0,0.0,1.0,0.0,0,0,0,0,0,0,0
1504235175182558308,11085,1504235175140211348,/zed_current_frame,720,1280,plumb_bob,0.0,0.0,0.0,0.0,0.0,687.82635498,0.0,660.878112793,0.0,687.82635498,362.7449646,0.0,0.0,1.0,0.0,0.0,0.0,0.0,0.0,0.0,0.0,0.0,0.0,687.82635498,0.0,660.878112793,0.0,0.0,687.82635498,362.7449646,0.0,0.0,0.0,1.0,0.0,0,0,0,0,0,0,0
1504235175231042259,11086,1504235175206857054,/zed_current_frame,720,1280,plumb_bob,0.0,0.0,0.0,0.0,0.0,687.82635498,0.0,660.878112793,0.0,687.82635498,362.7449646,0.0,0.0,1.0,0.0,0.0,0.0,0.0,0.0,0.0,0.0,0.0,0.0,687.82635498,0.0,660.878112793,0.0,0.0,687.82635498,362.7449646,0.0,0.0,0.0,1.0,0.0,0,0,0,0,0,0,0
1504235175300579717,11087,1504235175273559947,/zed_current_frame,720,1280,plumb_bob,0.0,0.0,0.0,0.0,0.0,687.82635498,0.0,660.878112793,0.0,687.82635498,362.7449646,0.0,0.0,1.0,0.0,0.0,0.0,0.0,0.0,0.0,0.0,0.0,0.0,687.82635498,0.0,660.878112793,0.0,0.0,687.82635498,362.7449646,0.0,0.0,0.0,1.0,0.0,0,0,0,0,0,0,0
1504235175389822201,11088,1504235175340328517,/zed_current_frame,720,1280,plumb_bob,0.0,0.0,0.0,0.0,0.0,687.82635498,0.0,660.878112793,0.0,687.82635498,362.7449646,0.0,0.0,1.0,0.0,0.0,0.0,0.0,0.0,0.0,0.0,0.0,0.0,687.82635498,0.0,660.878112793,0.0,0.0,687.82635498,362.7449646,0.0,0.0,0.0,1.0,0.0,0,0,0,0,0,0,0
1504235175446872397,11089,1504235175407469428,/zed_current_frame,720,1280,plumb_bob,0.0,0.0,0.0,0.0,0.0,687.82635498,0.0,660.878112793,0.0,687.82635498,362.7449646,0.0,0.0,1.0,0.0,0.0,0.0,0.0,0.0,0.0,0.0,0.0,0.0,687.82635498,0.0,660.878112793,0.0,0.0,687.82635498,362.7449646,0.0,0.0,0.0,1.0,0.0,0,0,0,0,0,0,0
1504235175491990120,11090,1504235175473676491,/zed_current_frame,720,1280,plumb_bob,0.0,0.0,0.0,0.0,0.0,687.82635498,0.0,660.878112793,0.0,687.82635498,362.7449646,0.0,0.0,1.0,0.0,0.0,0.0,0.0,0.0,0.0,0.0,0.0,0.0,687.82635498,0.0,660.878112793,0.0,0.0,687.82635498,362.7449646,0.0,0.0,0.0,1.0,0.0,0,0,0,0,0,0,0
1504235175571527408,11091,1504235175540585060,/zed_current_frame,720,1280,plumb_bob,0.0,0.0,0.0,0.0,0.0,687.82635498,0.0,660.878112793,0.0,687.82635498,362.7449646,0.0,0.0,1.0,0.0,0.0,0.0,0.0,0.0,0.0,0.0,0.0,0.0,687.82635498,0.0,660.878112793,0.0,0.0,687.82635498,362.7449646,0.0,0.0,0.0,1.0,0.0,0,0,0,0,0,0,0
1504235175642800114,11092,1504235175606921185,/zed_current_frame,720,1280,plumb_bob,0.0,0.0,0.0,0.0,0.0,687.82635498,0.0,660.878112793,0.0,687.82635498,362.7449646,0.0,0.0,1.0,0.0,0.0,0.0,0.0,0.0,0.0,0.0,0.0,0.0,687.82635498,0.0,660.878112793,0.0,0.0,687.82635498,362.7449646,0.0,0.0,0.0,1.0,0.0,0,0,0,0,0,0,0
1504235175712493665,11093,1504235175673540485,/zed_current_frame,720,1280,plumb_bob,0.0,0.0,0.0,0.0,0.0,687.82635498,0.0,660.878112793,0.0,687.82635498,362.7449646,0.0,0.0,1.0,0.0,0.0,0.0,0.0,0.0,0.0,0.0,0.0,0.0,687.82635498,0.0,660.878112793,0.0,0.0,687.82635498,362.7449646,0.0,0.0,0.0,1.0,0.0,0,0,0,0,0,0,0
1504235175759106170,11094,1504235175740213430,/zed_current_frame,720,1280,plumb_bob,0.0,0.0,0.0,0.0,0.0,687.82635498,0.0,660.878112793,0.0,687.82635498,362.7449646,0.0,0.0,1.0,0.0,0.0,0.0,0.0,0.0,0.0,0.0,0.0,0.0,687.82635498,0.0,660.878112793,0.0,0.0,687.82635498,362.7449646,0.0,0.0,0.0,1.0,0.0,0,0,0,0,0,0,0
1504235175840029959,11095,1504235175806971010,/zed_current_frame,720,1280,plumb_bob,0.0,0.0,0.0,0.0,0.0,687.82635498,0.0,660.878112793,0.0,687.82635498,362.7449646,0.0,0.0,1.0,0.0,0.0,0.0,0.0,0.0,0.0,0.0,0.0,0.0,687.82635498,0.0,660.878112793,0.0,0.0,687.82635498,362.7449646,0.0,0.0,0.0,1.0,0.0,0,0,0,0,0,0,0
1504235175922936443,11096,1504235175873515571,/zed_current_frame,720,1280,plumb_bob,0.0,0.0,0.0,0.0,0.0,687.82635498,0.0,660.878112793,0.0,687.82635498,362.7449646,0.0,0.0,1.0,0.0,0.0,0.0,0.0,0.0,0.0,0.0,0.0,0.0,687.82635498,0.0,660.878112793,0.0,0.0,687.82635498,362.7449646,0.0,0.0,0.0,1.0,0.0,0,0,0,0,0,0,0
1504235175983547397,11097,1504235175940273724,/zed_current_frame,720,1280,plumb_bob,0.0,0.0,0.0,0.0,0.0,687.82635498,0.0,660.878112793,0.0,687.82635498,362.7449646,0.0,0.0,1.0,0.0,0.0,0.0,0.0,0.0,0.0,0.0,0.0,0.0,687.82635498,0.0,660.878112793,0.0,0.0,687.82635498,362.7449646,0.0,0.0,0.0,1.0,0.0,0,0,0,0,0,0,0
1504235176030581983,11098,1504235176006922920,/zed_current_frame,720,1280,plumb_bob,0.0,0.0,0.0,0.0,0.0,687.82635498,0.0,660.878112793,0.0,687.82635498,362.7449646,0.0,0.0,1.0,0.0,0.0,0.0,0.0,0.0,0.0,0.0,0.0,0.0,687.82635498,0.0,660.878112793,0.0,0.0,687.82635498,362.7449646,0.0,0.0,0.0,1.0,0.0,0,0,0,0,0,0,0
1504235176111080514,11099,1504235176073889249,/zed_current_frame,720,1280,plumb_bob,0.0,0.0,0.0,0.0,0.0,687.82635498,0.0,660.878112793,0.0,687.82635498,362.7449646,0.0,0.0,1.0,0.0,0.0,0.0,0.0,0.0,0.0,0.0,0.0,0.0,687.82635498,0.0,660.878112793,0.0,0.0,687.82635498,362.7449646,0.0,0.0,0.0,1.0,0.0,0,0,0,0,0,0,0
1504235176189100363,11100,1504235176140171624,/zed_current_frame,720,1280,plumb_bob,0.0,0.0,0.0,0.0,0.0,687.82635498,0.0,660.878112793,0.0,687.82635498,362.7449646,0.0,0.0,1.0,0.0,0.0,0.0,0.0,0.0,0.0,0.0,0.0,0.0,687.82635498,0.0,660.878112793,0.0,0.0,687.82635498,362.7449646,0.0,0.0,0.0,1.0,0.0,0,0,0,0,0,0,0
1504235176247072220,11101,1504235176207124203,/zed_current_frame,720,1280,plumb_bob,0.0,0.0,0.0,0.0,0.0,687.82635498,0.0,660.878112793,0.0,687.82635498,362.7449646,0.0,0.0,1.0,0.0,0.0,0.0,0.0,0.0,0.0,0.0,0.0,0.0,687.82635498,0.0,660.878112793,0.0,0.0,687.82635498,362.7449646,0.0,0.0,0.0,1.0,0.0,0,0,0,0,0,0,0
1504235176292699211,11102,1504235176273615014,/zed_current_frame,720,1280,plumb_bob,0.0,0.0,0.0,0.0,0.0,687.82635498,0.0,660.878112793,0.0,687.82635498,362.7449646,0.0,0.0,1.0,0.0,0.0,0.0,0.0,0.0,0.0,0.0,0.0,0.0,687.82635498,0.0,660.878112793,0.0,0.0,687.82635498,362.7449646,0.0,0.0,0.0,1.0,0.0,0,0,0,0,0,0,0
1504235176371527284,11103,1504235176340326657,/zed_current_frame,720,1280,plumb_bob,0.0,0.0,0.0,0.0,0.0,687.82635498,0.0,660.878112793,0.0,687.82635498,362.7449646,0.0,0.0,1.0,0.0,0.0,0.0,0.0,0.0,0.0,0.0,0.0,0.0,687.82635498,0.0,660.878112793,0.0,0.0,687.82635498,362.7449646,0.0,0.0,0.0,1.0,0.0,0,0,0,0,0,0,0
1504235176446760538,11104,1504235176406866270,/zed_current_frame,720,1280,plumb_bob,0.0,0.0,0.0,0.0,0.0,687.82635498,0.0,660.878112793,0.0,687.82635498,362.7449646,0.0,0.0,1.0,0.0,0.0,0.0,0.0,0.0,0.0,0.0,0.0,0.0,687.82635498,0.0,660.878112793,0.0,0.0,687.82635498,362.7449646,0.0,0.0,0.0,1.0,0.0,0,0,0,0,0,0,0
1504235176514591965,11105,1504235176473569580,/zed_current_frame,720,1280,plumb_bob,0.0,0.0,0.0,0.0,0.0,687.82635498,0.0,660.878112793,0.0,687.82635498,362.7449646,0.0,0.0,1.0,0.0,0.0,0.0,0.0,0.0,0.0,0.0,0.0,0.0,687.82635498,0.0,660.878112793,0.0,0.0,687.82635498,362.7449646,0.0,0.0,0.0,1.0,0.0,0,0,0,0,0,0,0
1504235176565458973,11106,1504235176540322108,/zed_current_frame,720,1280,plumb_bob,0.0,0.0,0.0,0.0,0.0,687.82635498,0.0,660.878112793,0.0,687.82635498,362.7449646,0.0,0.0,1.0,0.0,0.0,0.0,0.0,0.0,0.0,0.0,0.0,0.0,687.82635498,0.0,660.878112793,0.0,0.0,687.82635498,362.7449646,0.0,0.0,0.0,1.0,0.0,0,0,0,0,0,0,0
1504235176638598959,11107,1504235176606969428,/zed_current_frame,720,1280,plumb_bob,0.0,0.0,0.0,0.0,0.0,687.82635498,0.0,660.878112793,0.0,687.82635498,362.7449646,0.0,0.0,1.0,0.0,0.0,0.0,0.0,0.0,0.0,0.0,0.0,0.0,687.82635498,0.0,660.878112793,0.0,0.0,687.82635498,362.7449646,0.0,0.0,0.0,1.0,0.0,0,0,0,0,0,0,0
1504235176712029412,11108,1504235176673605499,/zed_current_frame,720,1280,plumb_bob,0.0,0.0,0.0,0.0,0.0,687.82635498,0.0,660.878112793,0.0,687.82635498,362.7449646,0.0,0.0,1.0,0.0,0.0,0.0,0.0,0.0,0.0,0.0,0.0,0.0,687.82635498,0.0,660.878112793,0.0,0.0,687.82635498,362.7449646,0.0,0.0,0.0,1.0,0.0,0,0,0,0,0,0,0
1504235176774953007,11109,1504235176740171101,/zed_current_frame,720,1280,plumb_bob,0.0,0.0,0.0,0.0,0.0,687.82635498,0.0,660.878112793,0.0,687.82635498,362.7449646,0.0,0.0,1.0,0.0,0.0,0.0,0.0,0.0,0.0,0.0,0.0,0.0,687.82635498,0.0,660.878112793,0.0,0.0,687.82635498,362.7449646,0.0,0.0,0.0,1.0,0.0,0,0,0,0,0,0,0
1504235176817385175,11110,1504235176806830453,/zed_current_frame,720,1280,plumb_bob,0.0,0.0,0.0,0.0,0.0,687.82635498,0.0,660.878112793,0.0,687.82635498,362.7449646,0.0,0.0,1.0,0.0,0.0,0.0,0.0,0.0,0.0,0.0,0.0,0.0,687.82635498,0.0,660.878112793,0.0,0.0,687.82635498,362.7449646,0.0,0.0,0.0,1.0,0.0,0,0,0,0,0,0,0
1504235176915788536,11111,1504235176873632877,/zed_current_frame,720,1280,plumb_bob,0.0,0.0,0.0,0.0,0.0,687.82635498,0.0,660.878112793,0.0,687.82635498,362.7449646,0.0,0.0,1.0,0.0,0.0,0.0,0.0,0.0,0.0,0.0,0.0,0.0,687.82635498,0.0,660.878112793,0.0,0.0,687.82635498,362.7449646,0.0,0.0,0.0,1.0,0.0,0,0,0,0,0,0,0
1504235176978439372,11112,1504235176940358269,/zed_current_frame,720,1280,plumb_bob,0.0,0.0,0.0,0.0,0.0,687.82635498,0.0,660.878112793,0.0,687.82635498,362.7449646,0.0,0.0,1.0,0.0,0.0,0.0,0.0,0.0,0.0,0.0,0.0,0.0,687.82635498,0.0,660.878112793,0.0,0.0,687.82635498,362.7449646,0.0,0.0,0.0,1.0,0.0,0,0,0,0,0,0,0
1504235177018083121,11113,1504235177006834393,/zed_current_frame,720,1280,plumb_bob,0.0,0.0,0.0,0.0,0.0,687.82635498,0.0,660.878112793,0.0,687.82635498,362.7449646,0.0,0.0,1.0,0.0,0.0,0.0,0.0,0.0,0.0,0.0,0.0,0.0,687.82635498,0.0,660.878112793,0.0,0.0,687.82635498,362.7449646,0.0,0.0,0.0,1.0,0.0,0,0,0,0,0,0,0
1504235177103436047,11114,1504235177073602025,/zed_current_frame,720,1280,plumb_bob,0.0,0.0,0.0,0.0,0.0,687.82635498,0.0,660.878112793,0.0,687.82635498,362.7449646,0.0,0.0,1.0,0.0,0.0,0.0,0.0,0.0,0.0,0.0,0.0,0.0,687.82635498,0.0,660.878112793,0.0,0.0,687.82635498,362.7449646,0.0,0.0,0.0,1.0,0.0,0,0,0,0,0,0,0
1504235177178572947,11115,1504235177140241638,/zed_current_frame,720,1280,plumb_bob,0.0,0.0,0.0,0.0,0.0,687.82635498,0.0,660.878112793,0.0,687.82635498,362.7449646,0.0,0.0,1.0,0.0,0.0,0.0,0.0,0.0,0.0,0.0,0.0,0.0,687.82635498,0.0,660.878112793,0.0,0.0,687.82635498,362.7449646,0.0,0.0,0.0,1.0,0.0,0,0,0,0,0,0,0
1504235177237562401,11116,1504235177206950624,/zed_current_frame,720,1280,plumb_bob,0.0,0.0,0.0,0.0,0.0,687.82635498,0.0,660.878112793,0.0,687.82635498,362.7449646,0.0,0.0,1.0,0.0,0.0,0.0,0.0,0.0,0.0,0.0,0.0,0.0,687.82635498,0.0,660.878112793,0.0,0.0,687.82635498,362.7449646,0.0,0.0,0.0,1.0,0.0,0,0,0,0,0,0,0
1504235177323615010,11117,1504235177273585080,/zed_current_frame,720,1280,plumb_bob,0.0,0.0,0.0,0.0,0.0,687.82635498,0.0,660.878112793,0.0,687.82635498,362.7449646,0.0,0.0,1.0,0.0,0.0,0.0,0.0,0.0,0.0,0.0,0.0,0.0,687.82635498,0.0,660.878112793,0.0,0.0,687.82635498,362.7449646,0.0,0.0,0.0,1.0,0.0,0,0,0,0,0,0,0
1504235177385475539,11118,1504235177340283077,/zed_current_frame,720,1280,plumb_bob,0.0,0.0,0.0,0.0,0.0,687.82635498,0.0,660.878112793,0.0,687.82635498,362.7449646,0.0,0.0,1.0,0.0,0.0,0.0,0.0,0.0,0.0,0.0,0.0,0.0,687.82635498,0.0,660.878112793,0.0,0.0,687.82635498,362.7449646,0.0,0.0,0.0,1.0,0.0,0,0,0,0,0,0,0
1504235177426190792,11119,1504235177406908627,/zed_current_frame,720,1280,plumb_bob,0.0,0.0,0.0,0.0,0.0,687.82635498,0.0,660.878112793,0.0,687.82635498,362.7449646,0.0,0.0,1.0,0.0,0.0,0.0,0.0,0.0,0.0,0.0,0.0,0.0,687.82635498,0.0,660.878112793,0.0,0.0,687.82635498,362.7449646,0.0,0.0,0.0,1.0,0.0,0,0,0,0,0,0,0
1504235177508934620,11120,1504235177473643603,/zed_current_frame,720,1280,plumb_bob,0.0,0.0,0.0,0.0,0.0,687.82635498,0.0,660.878112793,0.0,687.82635498,362.7449646,0.0,0.0,1.0,0.0,0.0,0.0,0.0,0.0,0.0,0.0,0.0,0.0,687.82635498,0.0,660.878112793,0.0,0.0,687.82635498,362.7449646,0.0,0.0,0.0,1.0,0.0,0,0,0,0,0,0,0
1504235177585116774,11121,1504235177540325246,/zed_current_frame,720,1280,plumb_bob,0.0,0.0,0.0,0.0,0.0,687.82635498,0.0,660.878112793,0.0,687.82635498,362.7449646,0.0,0.0,1.0,0.0,0.0,0.0,0.0,0.0,0.0,0.0,0.0,0.0,687.82635498,0.0,660.878112793,0.0,0.0,687.82635498,362.7449646,0.0,0.0,0.0,1.0,0.0,0,0,0,0,0,0,0
